88,0.27221918
108,0.2765224
139,0.29013398
159,0.28171888
265,0.27906826
350,0.30817318
351,0.29432887
403,0.27658018
410,0.31350163
424,0.27180302
428,0.28705934
430,0.3151007
630,0.28357336
763,0.32229605
765,0.29597908
766,0.31408033
768,0.29422408
772,0.3407987
801,0.29105788
870,0.29062477
915,0.29323536
932,0.26831216
991,0.3047309
992,0.29139125
997,0.29943895
1002,0.28971985
1061,0.28882045
1062,0.23034793
1063,0.3010574
1066,0.29648486
1158,0.28382903
1254,0.31072298
1257,0.27591503
1317,0.2374557
1552,0.27324829
1829,0.3271013
1853,0.30373183
1872,0.28317273
1890,0.27882493
1925,0.2858743
1954,0.27013126
2016,0.2701012
2171,0.27712485
2202,0.28060555
2276,0.26703167
2278,0.27723187
2317,0.25602776
4779,0.26912335
4807,0.42582676
4826,0.255488
4884,0.2641788
4900,0.27195132
4958,0.30240116
5023,0.2992443
5104,0.31544322
5151,0.7601988
5165,0.30892205
5210,0.29915538
5236,0.4292906
5253,0.28452495
5276,0.36388952
5349,0.29673126
5353,0.26680025
5486,0.31384197
5577,0.2743544
5644,0.2646999
5720,0.31583956
5726,0.30261585
5741,0.26032338
5748,0.3361296
5757,0.31294522
5768,0.29847354
5772,0.8997891
5779,0.27786687
5784,0.26176694
5800,0.26631913
5811,0.24594867
5822,0.26957053
5830,0.27851364
5831,0.27600598
5832,0.26910242
5837,0.288346
5856,0.29124868
5865,0.29003423
5867,0.30269825
5874,0.2661752
5890,0.3161514
5893,0.28416127
5907,0.28660735
5921,0.27617842
5950,0.28911826
5984,0.28291297
5993,0.26289004
6008,0.3135362
6009,0.27425244
6011,0.2950279
6012,0.30141753
6013,0.28914338
6016,0.2774095
6019,0.3362228
6020,0.29951185
6021,0.2773827
6023,0.25297874
6024,0.34065273
6025,0.28059036
6030,0.44304088
6034,0.28713474
6035,0.23847073
6036,0.34036717
6038,0.27826202
6039,0.2629581
6040,0.29697788
6041,0.27581638
6042,0.26784703
6043,0.2708921
6046,0.2792626
6064,0.29143423
6069,0.27516252
6070,0.29094905
6071,0.28594562
6073,0.4564846
6074,0.28469032
6076,0.312251
6085,0.24113445
6086,0.27231145
6088,0.3315114
6090,0.26653323
6092,0.32815155
6094,0.28201953
6097,0.2960718
6098,0.3512109
6099,0.30419508
6100,0.29006284
6102,0.34881267
6104,0.29905665
6105,0.31020576
6106,0.27545825
6107,0.31971243
6108,0.28804085
6109,0.2657533
6111,0.28753084
6112,0.30013976
6113,0.3221726
6114,0.25025243
6115,0.3091781
6118,0.40859172
6122,0.27383348
6124,0.29437366
6125,0.28619176
6126,0.27599588
6128,0.26448864
6131,0.2910511
6132,0.29245487
6133,0.28539118
6134,0.31627202
6136,0.28557307
6137,0.2992792
6138,0.27519885
6140,0.27516264
6142,0.24960247
6145,0.28824517
6148,0.30665037
6149,0.29122442
6150,0.3175297
6151,0.26985642
6153,0.27657923
6154,0.28627262
6163,0.2924811
6166,0.27584124
6169,0.2692411
6172,0.28789544
6173,0.37033388
6174,0.29534936
6177,0.29668662
6180,0.3102271
6184,0.27733335
6188,0.26820993
6189,0.2702173
6191,0.2798811
6192,0.2908086
6193,0.27929252
6194,0.28081438
6195,0.2681003
6198,0.26237562
6201,0.28133905
6202,0.26742586
6203,0.29384783
6209,0.2734307
6210,0.28967515
6216,0.31976908
6217,0.28333884
6218,0.27921662
6220,0.2795954
6221,0.28604594
6231,0.26902962
6235,0.30799773
6237,0.27957612
6238,0.2780579
6240,0.25530452
6241,0.2680584
6242,0.31932667
6243,0.27596343
6244,0.26281506
6252,0.29576358
6255,0.39339262
6258,0.25966617
6268,0.32724842
6276,0.33901027
6284,0.30314538
6296,0.29547527
6390,0.27507567
6396,0.295652
6413,0.30657613
6424,0.28696626
6434,0.2924961
6445,0.27755937
6680,0.31242436
6744,0.27851528
6830,0.27809763
6897,0.27252036
6898,0.26149297
6900,0.28567988
6901,0.2862425
6903,0.27035755
6904,0.27306432
6907,0.29959622
6908,0.26540563
6909,0.3027166
6911,0.30351904
6913,0.28032044
6915,0.25165072
6917,0.31424004
6918,0.2836648
6919,0.32364616
6920,0.29420462
6922,0.32445627
6923,0.3085065
6924,0.313598
6926,0.30995595
6927,0.31494448
6929,0.30832785
6931,0.31753817
6932,0.3747767
6933,0.31141123
6938,0.3034056
6940,0.31351528
6943,0.2950987
6944,0.26745814
6945,0.3082585
6951,0.3367067
6956,0.29580998
6957,0.2710732
6958,0.28903314
6959,0.28615367
6960,0.28869206
6961,0.4159134
6963,0.31892678
6966,0.25771615
6967,0.2764664
6968,0.27511296
6969,0.27595297
6970,0.24317394
6971,0.28733712
6973,0.28298652
6974,0.2912869
6975,0.22770123
6976,0.29303846
6979,0.3215429
6981,0.2915055
6982,0.21733278
6984,0.31138086
6986,0.2809337
6987,0.29255772
6989,0.27344093
6990,0.30073205
6992,0.29245865
6997,0.2633951
7000,0.2711909
7002,0.31190345
7003,0.32683563
7008,0.31885484
7013,0.29581997
7014,0.30449384
7025,0.298065
7026,0.30716556
7028,0.29937378
7031,0.2933717
7033,0.40828478
7036,0.27536836
7058,0.2591074
7061,0.3205628
7062,0.32934067
7063,0.2849034
7064,0.26256645
7067,0.37912267
7068,0.2774109
7071,0.31173182
7072,0.2909972
7077,0.3051977
7081,0.31985617
7092,0.2700464
7094,0.2591464
7096,0.31511003
7102,0.30838338
7103,0.30952206
7106,0.28898782
7107,0.29563868
7109,0.27268267
7111,0.28784633
7117,0.2757862
7119,0.35367846
7120,0.3146811
7125,0.2902584
7126,0.32015166
7127,0.3126397
7130,0.4064448
7133,0.5766251
7138,0.285774
7143,0.28133327
7147,0.3089285
7158,0.31557766
7160,0.3424747
7161,0.3172999
7162,0.30449697
7163,0.33187348
7164,0.33444348
7165,0.2637062
7169,0.29128274
7177,0.27472872
7181,0.25593495
7183,0.3383193
7186,0.2790615
7192,0.2838552
7199,0.2851326
7202,0.2836771
7203,0.27486828
7207,0.29333308
7208,0.28451526
7209,0.20209508
7213,0.30559653
7217,0.27952904
7218,0.30721956
7223,0.3082904
7231,0.27335408
7244,0.3014116
7248,0.32846797
7250,0.31454548
7255,0.28953248
7258,0.28333238
7268,0.28364938
7273,0.2608472
7276,0.22356188
7280,0.27432612
7282,0.29236683
7287,0.28520158
7288,0.28706297
7296,0.27335417
7298,0.2843117
7305,0.2317226
7306,0.28059694
7307,0.29543582
7314,0.29358774
7316,0.28010914
7319,0.29607916
7320,0.27273458
7322,0.263982
7323,0.2244856
7327,0.29306284
7328,0.26300916
7332,0.28489473
7333,0.29378352
7337,0.29774338
7342,0.31347618
7343,0.2748302
7344,0.2970852
7346,0.25743398
7347,0.2900267
7349,0.30786887
7350,0.2986791
7353,0.3007632
7354,0.2808712
7356,0.29468033
7372,0.32719707
7373,0.32615042
7377,0.30157602
7378,0.3166173
7382,0.31944916
7383,0.31204522
7384,0.28690067
7387,0.2761135
7394,0.29564303
7396,0.25840262
7404,0.27099168
7411,0.29981327
7413,0.29076487
7415,0.29210964
7416,0.2932431
7417,0.30406553
7418,0.24293585
7419,0.280779
7424,0.29716375
7430,0.31046572
7461,0.26594174
7477,0.26079246
7514,0.26788822
7515,0.2992001
7516,0.33203793
7517,0.33217165
7520,0.31597656
7521,0.24440752
7523,0.32242057
7525,0.27296972
7717,0.2754957
7917,0.26621228
7947,0.26231107
8077,0.29091004
8132,0.27975026
8214,0.3022568
8222,0.28858638
8227,0.32020363
8230,0.2785233
8231,0.32222357
8233,0.2886394
8234,0.2700285
8235,0.27554458
8236,0.26922548
8237,0.26623127
8238,0.27233532
8239,0.2881339
8240,0.3617749
8241,0.27136642
8242,0.3086858
8243,0.30669954
8244,0.2799118
8246,0.27655086
8247,0.2889441
8249,0.27920213
8256,0.2778581
8258,0.2861371
8259,0.2668186
8264,0.28321853
8283,0.27382615
8284,0.27528906
8285,0.29014385
8290,0.28410918
8297,0.31452483
8306,0.31442288
8307,0.268814
8311,0.26105243
8312,0.29259378
8326,0.27440572
8334,0.30045715
8335,0.2873001
8337,0.29578474
8343,0.30151436
8351,0.29317605
8354,0.2895066
8357,0.30245197
8365,0.27075687
8366,0.29472142
8369,0.2844677
8376,0.37746283
8386,0.28956974
8387,0.26690862
8419,0.28409567
8420,0.32835016
8422,0.27256802
8424,0.34416705
8426,0.2785535
9057,0.2931195
9058,0.28859
9067,0.2649164
9069,0.292981
9070,0.27592003
9075,0.24088304
9078,0.29056343
9079,0.29062533
9081,0.27952096
9084,0.3011973
9085,0.3194155
9089,0.2833151
9091,0.27241677
9095,0.25135347
9099,0.2758129
9100,0.28781506
9102,0.31854618
9103,0.30157745
9104,0.27608114
9105,0.27663782
9106,0.29024005
9111,0.27115783
9113,0.2761943
9114,0.2684258
9115,0.27566424
9121,0.28689402
9125,0.28995115
9128,0.2885126
9130,0.27371517
9131,0.29309025
9133,0.26884547
9134,0.28425467
9298,0.2781137
9312,0.2908413
9314,0.2695321
9321,0.30027696
9323,0.31650212
9332,0.27404144
9336,0.26472783
9339,0.2824227
9343,0.26086465
9352,0.28199318
9353,0.2711961
9363,0.27721855
9369,0.26417053
9371,0.259559
9380,0.28253558
9381,0.26728246
9382,0.3104128
9383,0.28179565
9386,0.29047439
9388,0.33076093
9390,0.28743416
9391,0.26475328
9392,0.27648976
9394,0.30041483
9395,0.27696642
9399,0.29201058
9402,0.30913442
9404,0.27751577
9405,0.2729544
9407,0.29822493
9408,0.27970904
9409,0.28599894
9412,0.28519288
9413,0.2795764
9416,0.28920776
9421,0.2836872
9427,0.26094437
9433,0.28332433
9436,0.22408058
9437,0.27497992
9442,0.28827596
9450,0.3126032
9451,0.25971156
9452,0.278296
9453,0.25159436
9454,0.27449465
9455,0.3060961
9470,0.2966908
9476,0.38224047
9481,0.28996253
9503,0.27907777
9506,0.24460068
9507,0.2904963
9508,0.2575409
9509,0.27505162
9510,0.28741995
9511,0.28299883
9512,0.27703762
9513,0.30567408
9514,0.27143234
9515,0.28336
9517,0.29578635
9518,0.28914884
9519,0.34279355
9520,0.25205564
9521,0.3026535
9522,0.2849757
9523,0.27359122
9524,0.31901994
9525,0.2761118
9526,0.28239658
9527,0.26960653
9528,0.2863261
9529,0.29964274
9530,0.27177885
9531,0.27757254
9532,0.21542622
9533,0.28494737
9534,0.27627677
9535,0.278001
9536,0.28917405
9537,0.29038653
9539,0.28467432
9540,0.2794829
9541,0.26356468
9542,0.2900375
9543,0.28588012
9544,0.25780374
9545,0.29921445
9546,0.27611622
9547,0.27988034
9548,0.2782729
9549,0.27972537
9550,0.32818753
9551,0.26633218
9552,0.3006623
9553,0.28336862
9554,0.29726285
9555,0.32007283
9556,0.29866543
9557,0.30078447
9558,0.2809763
9559,0.45482805
9560,0.29660764
9561,0.2877572
9562,0.23070851
9564,0.31649148
9565,0.2759585
9567,0.29188013
9568,0.3011276
9569,0.27264416
9571,0.2964738
9573,0.26209018
9574,0.28860056
9576,0.46950078
9577,0.30430925
9578,0.28449973
9579,0.2869803
9581,0.28870535
9582,0.28054574
9583,0.28206003
9584,0.27415925
9585,0.28138736
9586,0.3036592
9587,0.29124233
9588,0.2915167
9589,0.29552925
9590,0.27593726
9591,0.29651842
9592,0.29546124
9593,0.2603873
9594,0.24573813
9595,0.26342282
9596,0.28309906
9597,0.23951432
9598,0.28255022
9599,0.2669363
9600,0.27921474
9601,0.29390192
9602,0.2801782
9606,0.28094256
9607,0.26708293
9608,0.30035976
9609,0.26634598
9610,0.2825659
9611,0.26841852
9612,0.28182414
9613,0.25490105
9615,0.2775688
9616,0.2741597
9617,0.24477126
9619,0.3122119
9620,0.2744038
9621,0.2728544
9622,0.26205853
9624,0.28045267
9625,0.35683247
9626,0.29315585
9627,0.28598967
9628,0.2802777
9629,0.29638308
9630,0.29771045
9631,0.27321628
9632,0.28170973
9633,0.26657948
9634,0.30258995
9635,0.30014816
9636,0.28309718
9637,0.3702037
9638,0.27718547
9639,0.2852413
9640,0.27653262
9641,0.29103443
9642,0.27824274
9643,0.37422982
9644,0.27934983
9645,0.31749803
9646,0.27305526
9647,0.29034048
9648,0.2741662
9649,0.24170622
9651,0.27025777
9653,0.26936325
9655,0.26005283
9656,0.27658832
9657,0.35320616
9658,0.2719132
9659,0.3313012
9660,0.28276962
9661,0.28172708
9663,0.22835864
9664,0.27384904
9665,0.28705814
9666,0.29720825
9667,0.2714602
9668,0.30155453
9669,0.26791674
9670,0.27758586
9671,0.25682312
9672,0.31483376
9673,0.2704664
9676,0.27605778
9677,0.28672332
9678,0.3255701
9679,0.27640402
9680,0.28161696
9681,0.28932038
9682,0.26939708
9683,0.27707088
9684,0.28618944
9685,0.26850688
9686,0.28339416
9687,0.26670992
9689,0.40456268
9690,0.29204354
9691,0.29503876
9692,0.29013637
9693,0.27828163
9694,0.2989531
9695,0.31117418
9696,0.26790217
9697,0.26148984
9698,0.23282075
9699,0.29189447
9700,0.3346521
9701,0.49203598
9703,0.2728049
9704,0.29705533
9705,0.2802109
9706,0.28711715
9707,0.355413
9708,0.28428856
9709,0.29632303
9710,0.32266837
9711,0.29625842
9712,0.3175068
9713,0.28939876
9714,0.27241582
9716,0.322323
9717,0.26386803
9718,0.2717027
9719,0.26062435
9720,0.2640597
9721,0.25954685
9722,0.2709753
9723,0.29278758
9725,0.27718627
9726,0.28031322
9727,0.2957583
9728,0.27303565
9729,0.29094502
9730,0.20741817
9731,0.30303738
9732,0.28087094
9733,0.27628878
9735,0.2721451
9736,0.27455762
9737,0.26811346
9738,0.31457877
9739,0.3051035
9741,0.28722772
9743,0.29558957
9744,0.24809141
9745,0.26718667
9747,0.2866678
9748,0.29744235
9749,0.2799237
9754,0.309888
9755,0.26754466
9756,0.40685165
9757,0.2717231
9758,0.2981131
9759,0.2624944
9761,0.29819053
9762,0.3003232
9764,0.28465977
9766,0.27599505
9768,0.27901363
9769,0.23512353
9770,0.26473513
9771,0.28758794
9772,0.25743884
9774,0.29386276
9775,0.3182766
9776,0.2578506
9777,0.28955886
9778,0.30426082
9779,0.32422444
9780,0.27073666
9781,0.40191805
9782,0.42225224
9783,0.27808356
9784,0.30892748
9785,0.3121977
9786,0.2999446
9787,0.30953422
9788,0.29499418
9789,0.2843085
9790,0.2827395
9791,0.37392318
9792,0.29611796
9793,0.31246623
9794,0.30109546
9795,0.28519654
9796,0.3094013
9797,0.28139225
9798,0.29756773
9799,0.28317502
9800,0.2831958
9801,0.28956008
9802,0.28101745
9803,0.34264448
9804,0.28101668
9805,0.27900743
9806,0.4100911
9807,0.39940456
9808,0.2999473
9809,0.27276832
9810,0.26375806
9811,0.29751834
9812,0.2735747
9813,0.27619827
9814,0.2848054
9815,0.28244343
9816,0.27426225
9817,0.2713315
9819,0.2143394
9820,0.29288405
9821,0.28302154
9822,0.29954776
9823,0.3003263
9824,0.30523342
9825,0.28362954
9826,0.28776002
9827,0.27857077
9828,0.2799882
9830,0.29699263
9831,0.26503608
9832,0.2639222
9833,0.41283792
9834,0.22450517
9835,0.2538324
9836,0.32147393
9837,0.2962359
9838,0.2691315
9839,0.3041919
9840,0.27163318
9841,0.29892015
9843,0.26115268
9844,0.27497417
9845,0.24814163
9846,0.30754635
9847,0.3032959
9848,0.28649372
9849,0.28615588
9850,0.3050858
9851,0.2700253
9852,0.28311983
9853,0.27382684
9854,0.32319367
9855,0.2768394
9856,0.2696785
9857,0.26720068
9858,0.2819666
9859,0.34536865
9860,0.30567977
9861,0.28219026
9862,0.313408
9864,0.2679975
9866,0.26977825
9867,0.28551757
9868,0.23312882
9869,0.28088576
9870,0.28900528
9871,0.33402234
9873,0.293735
9874,0.30129167
9875,0.2890632
9876,0.3223492
9877,0.21967709
9878,0.28501895
9879,0.29120922
9880,0.28162515
9881,0.3123301
9882,0.27316862
9883,0.2955161
9885,0.28416264
9886,0.28056687
9887,0.2603921
9888,0.2815894
9890,0.2826086
9891,0.27543578
9892,0.29025704
9894,0.25518322
9895,0.19757713
9897,0.27967632
9898,0.25969192
9899,0.2681737
9900,0.32500482
9901,0.283417
9902,0.25575358
9903,0.24955505
9904,0.30483
9905,0.30139384
9906,0.6111118
9908,0.28068227
9909,0.2845109
9910,0.26228186
9911,0.28151616
9914,0.27734903
9915,0.24308078
9917,0.26486126
9918,0.25413758
9920,0.27264187
9921,0.28843442
9924,0.2920669
9925,0.28642058
9926,0.28959247
9927,0.25218058
9928,0.27719215
9929,0.27069062
9930,0.3001707
9932,0.2841276
9933,0.29109877
9935,0.2843182
9937,0.30752432
9938,0.3116323
9939,0.28455707
9941,0.2890846
9942,0.2805515
9943,0.29924926
9944,0.2816516
9945,0.31030375
9946,0.2605442
9947,0.25844175
9948,0.2261524
9949,0.274477
9950,0.29441494
9951,0.27918375
9952,0.30999878
9953,0.30256292
9955,0.29399565
9956,0.27752188
9957,0.2787943
9958,0.28344885
9959,0.2936605
9960,0.2715234
9962,0.3038847
9963,0.28390667
9964,0.29466128
9965,0.28772837
9966,0.28985384
9968,0.27710065
9969,0.2872478
9970,0.29191962
9971,0.28680637
9972,0.28235203
9973,0.2796841
9974,0.3025936
9975,0.27509812
9976,0.2677345
9978,0.29456508
9979,0.3172387
9980,0.29331526
9981,0.27224407
9982,0.26621228
9983,0.30088386
9984,0.29049194
9985,0.27232432
9986,0.2901356
9987,0.26854563
9988,0.34090358
9990,0.26926106
9991,0.28986627
9993,0.2825736
9995,0.27092606
9996,0.2729297
9997,0.2822216
9998,0.2486045
9999,0.2860745
10001,0.27023557
10002,0.26745182
10004,0.25943664
10005,0.30298328
10006,0.2801856
10008,0.3379635
10009,0.27490902
10010,0.2405271
10011,0.2788767
10012,0.28752762
10013,0.30131054
10014,0.24833173
10015,0.24101055
10017,0.29404697
10018,0.30956644
10020,0.29389837
10022,0.30404186
10023,0.2687284
