88,5345.258
108,5363.3213
139,5266.6074
159,5251.449
265,5336.248
350,5064.784
351,5091.9253
403,5321.991
410,5092.216
424,5423.662
428,4978.9614
430,5090.4014
630,5200.352
763,5279.091
765,5232.5747
766,4886.178
768,5264.8115
772,5079.7437
801,4870.0693
870,4984.6416
915,5076.9775
932,5117.8696
991,5084.8545
992,5327.726
997,5346.7217
1002,5268.712
1061,5077.376
1062,4988.289
1063,5182.649
1066,5068.3384
1158,5270.2734
1254,5164.982
1257,5289.832
1317,5300.763
1552,5451.5493
1829,5114.3467
1853,5366.3477
1872,4919.8115
1890,5302.1597
1925,5128.8237
1954,4944.9116
2016,5175.952
2171,5220.1367
2202,5136.047
2276,5199.8003
2278,5440.6646
2317,5169.0386
4779,5329.027
4807,5268.945
4826,5356.817
4884,5422.8833
4900,5176.3276
4958,5195.119
5023,5265.0317
5104,5522.6846
5151,5243.213
5165,5402.859
5210,5307.7373
5236,5337.3027
5253,5301.6353
5276,5223.459
5349,5233.597
5353,5121.8965
5486,5369.197
5577,5298.2373
5644,5160.944
5720,5108.338
5726,5229.079
5741,5244.796
5748,5461.5757
5757,5328.899
5768,5094.231
5772,5200.152
5779,5131.0225
5784,5347.514
5800,5177.5005
5811,5296.122
5822,5447.926
5830,5179.4595
5831,5073.589
5832,5670.903
5837,4994.8438
5856,5464.526
5865,5186.9956
5867,5164.228
5874,5192.945
5890,4942.6494
5893,5177.741
5907,4866.5903
5921,4867.1104
5950,4968.0635
5984,5006.443
5993,5247.9546
6008,5169.694
6009,5285.859
6011,5280.538
6012,5216.993
6013,5495.2617
6016,5237.573
6019,5432.608
6020,5243.2227
6021,5116.1885
6023,5454.626
6024,5327.7554
6025,5492.3486
6030,5406.765
6034,5137.5864
6035,5177.4253
6036,5039.6245
6038,5069.3413
6039,5104.3813
6040,4871.2935
6041,5168.8325
6042,5375.029
6043,5255.0386
6046,5403.469
6064,5331.4756
6069,5645.012
6070,5370.8975
6071,5570.3774
6073,5248.9727
6074,5338.9634
6076,5088.3657
6085,4992.3223
6086,5100.895
6088,4919.1753
6090,5236.0366
6092,5186.8926
6094,5098.8726
6097,5069.817
6098,5093.571
6099,5249.2163
6100,5226.521
6102,4891.8247
6104,5308.653
6105,5306.9253
6106,5348.783
6107,4926.3364
6108,5119.157
6109,5066.1924
6111,5253.453
6112,5372.183
6113,4716.701
6114,4977.86
6115,5172.2573
6118,5547.339
6122,4876.0996
6124,5371.8247
6125,5277.5146
6126,5380.855
6128,5136.7603
6131,5176.1167
6132,5003.8833
6133,5568.836
6134,5135.3325
6136,4802.3013
6137,5224.636
6138,5096.4536
6140,5588.7812
6142,5227.846
6145,5244.1934
6148,5193.3994
6149,5159.631
6150,5322.932
6151,5115.988
6153,5589.457
6154,5696.0684
6163,5594.9717
6166,5261.1787
6169,5330.009
6172,5361.7188
6173,5170.771
6174,5296.5015
6177,5260.068
6180,5119.516
6184,5088.891
6188,4992.803
6189,5399.19
6191,5426.204
6192,5232.9883
6193,5440.44
6194,5535.5474
6195,5108.966
6198,4736.101
6201,4987.5356
6202,5376.997
6203,5061.4014
6209,5589.1396
6210,5358.776
6216,4969.191
6217,5527.866
6218,5424.8525
6220,4945.451
6221,5280.624
6231,5441.885
6235,5504.1636
6237,5367.7734
6238,5279.397
6240,5397.276
6241,5609.9604
6242,5001.3696
6243,4950.4775
6244,5419.7485
6252,5203.2837
6255,5165.7324
6258,4935.8267
6268,5262.6895
6276,5422.891
6284,5274.8877
6296,5102.9136
6390,4941.468
6396,5172.7114
6413,5013.531
6424,5181.476
6434,5145.07
6445,5209.4937
6680,5082.4355
6744,5010.047
6830,5078.7075
6897,5210.005
6898,5406.154
6900,5418.4043
6901,5415.797
6903,5211.438
6904,5232.972
6907,5086.5625
6908,5173.1
6909,5129.2627
6911,5404.047
6913,5260.4106
6915,5190.819
6917,5264.3945
6918,5476.7886
6919,5278.528
6920,5315.1465
6922,5078.0615
6923,5208.8315
6924,5007.4287
6926,5023.8945
6927,5173.563
6929,5014.5015
6931,5248.4487
6932,4688.536
6933,4953.612
6938,5196.1104
6940,4929.3574
6943,5204.028
6944,5143.196
6945,5333.3945
6951,5250.7334
6956,5121.671
6957,5211.309
6958,5259.3774
6959,5382.495
6960,5409.9487
6961,5455.844
6963,5186.9824
6966,5359.5786
6967,5042.2715
6968,4909.848
6969,5324.961
6970,5217.3823
6971,5066.1895
6973,5370.559
6974,5249.9897
6975,5276.151
6976,5195.2744
6979,4898.2314
6981,4913.0796
6982,5303.676
6984,5237.973
6986,5273.7876
6987,5053.6323
6989,5233.9204
6990,5284.0483
6992,4959.4204
6997,5015.2324
7000,5375.665
7002,5128.0493
7003,5095.6895
7008,5159.7974
7013,5096.046
7014,5009.482
7025,5007.081
7026,5017.312
7028,5260.7285
7031,5270.332
7033,5066.3506
7036,5414.2466
7058,5321.4155
7061,5086.073
7062,4941.291
7063,5348.575
7064,5634.953
7067,5376.719
7068,5305.9272
7071,5557.451
7072,5403.0723
7077,5217.1533
7081,5226.1816
7092,5051.853
7094,5188.6533
7096,5047.146
7102,5046.648
7103,4891.9087
7106,4957.664
7107,5179.902
7109,5401.501
7111,5060.2695
7117,5184.007
7119,5028.5137
7120,5541.6177
7125,5256.456
7126,5146.52
7127,5269.3086
7130,5252.7817
7133,4927.851
7138,5108.648
7143,5213.6743
7147,5343.676
7158,5357.4053
7160,5038.154
7161,5012.5
7162,5304.6255
7163,4930.579
7164,5424.124
7165,5402.4253
7169,5068.698
7177,5174.0103
7181,5177.319
7183,5240.293
7186,5365.1523
7192,5397.166
7199,5322.2847
7202,5062.5806
7203,5206.758
7207,5121.76
7208,5327.7183
7209,5076.26
7213,4863.677
7217,5172.8706
7218,5224.548
7223,5180.3877
7231,5228.142
7244,5386.186
7248,4914.9243
7250,5023.1567
7255,5257.302
7258,4957.2993
7268,5178.7446
7273,5345.0537
7276,5158.5586
7280,5277.6987
7282,5124.725
7287,5043.738
7288,5315.9526
7296,5201.6074
7298,4892.8555
7305,5251.179
7306,5240.0176
7307,5178.77
7314,4981.492
7316,4904.592
7319,5452.96
7320,5220.5703
7322,5267.2773
7323,5329.571
7327,5174.401
7328,5368.5874
7332,5161.0693
7333,5333.3223
7337,5052.2026
7342,5134.349
7343,5142.2573
7344,5122.7993
7346,5202.694
7347,5203.841
7349,5113.282
7350,5070.3115
7353,5232.9062
7354,5249.9194
7356,4894.7847
7372,4871.877
7373,5169.2617
7377,4987.634
7378,5156.6855
7382,5248.13
7383,5293.0737
7384,4713.0454
7387,5258.1973
7394,5256.9663
7396,5085.216
7404,5246.198
7411,5333.2295
7413,5246.9023
7415,4910.4053
7416,5334.8335
7417,4881.088
7418,4725.9814
7419,5192.515
7424,5408.928
7430,5109.7456
7461,5183.0425
7477,5250.224
7514,5287.5425
7515,5231.3354
7516,5063.4087
7517,5082.6953
7520,5130.8154
7521,5257.8467
7523,5191.9697
7525,5056.9873
7717,5069.389
7917,5030.6777
7947,5176.708
8077,5227.1025
8132,5002.271
8214,5164.126
8222,4802.66
8227,5246.163
8230,5193.9683
8231,5312.512
8233,4860.127
8234,5292.8384
8235,5204.9136
8236,5279.5493
8237,5002.6597
8238,5326.3906
8239,5253.943
8240,5192.9663
8241,5198.3564
8242,5137.3345
8243,5341.9062
8244,5014.9873
8246,5101.628
8247,5172.4546
8249,5420.662
8256,5155.975
8258,5145.729
8259,5151.073
8264,5228.071
8283,5199.959
8284,5154.05
8285,5165.185
8290,5153.3096
8297,5072.0977
8306,5207.241
8307,5399.463
8311,5178.4097
8312,5260.049
8326,5191.727
8334,5111.9526
8335,4886.0806
8337,5202.204
8343,5260.151
8351,5277.379
8354,4973.847
8357,5245.5244
8365,5241.7256
8366,5260.426
8369,5089.3887
8376,5148.4214
8386,5220.6606
8387,5540.318
8419,5382.304
8420,5123.353
8422,5202.743
8424,5303.0083
8426,5224.6357
9057,5392.153
9058,5499.0913
9067,4946.4673
9069,4959.118
9070,5032.79
9075,4957.0054
9078,5277.311
9079,5053.259
9081,5038.9805
9084,4939.197
9085,5014.6714
9089,4987.0146
9091,5014.7935
9095,5041.042
9099,4851.9814
9100,4975.336
9102,5123.7646
9103,5207.8296
9104,5163.662
9105,4943.8906
9106,5063.5776
9111,5146.163
9113,4932.7944
9114,4993.359
9115,4840.04
9121,5115.7964
9125,5130.614
9128,5367.4316
9130,5279.157
9131,5305.1436
9133,5388.634
9134,5265.309
9298,5144.92
9312,5425.0166
9314,5185.6816
9321,5262.09
9323,5058.1045
9332,5476.314
9336,5255.858
9339,5240.1445
9343,5712.009
9352,5028.007
9353,5071.8975
9363,5646.1816
9369,5003.0103
9371,5339.283
9380,5888.8267
9381,5224.2314
9382,5380.8926
9383,5541.1914
9386,5339.0684
9388,5285.25
9390,5074.5874
9391,5067.3706
9392,5159.2056
9394,5076.426
9395,5519.0024
9399,4893.587
9402,5262.7705
9404,5262.738
9405,5165.4604
9407,5273.524
9408,5242.2026
9409,5211.3955
9412,5087.023
9413,4979.822
9416,5389.6274
9421,5091.1797
9427,5149.7544
9433,5387.3755
9436,5255.499
9437,4988.108
9442,5190.046
9450,5142.586
9451,5262.46
9452,5239.818
9453,5062.641
9454,5310.461
9455,5401.994
9470,5126.9287
9476,5289.495
9481,5017.1304
9503,5239.4624
9506,5226.842
9507,5002.499
9508,5068.95
9509,5085.9946
9510,5076.6753
9511,5069.206
9512,5157.688
9513,4830.6406
9514,5057.4326
9515,5311.5723
9517,5175.6396
9518,4845.1074
9519,5051.567
9520,4992.471
9521,3911.223
9522,5078.8115
9523,5171.8354
9524,5169.472
9525,5405.269
9526,5140.523
9527,5462.4434
9528,5601.0454
9529,5331.893
9530,5089.344
9531,4995.248
9532,5225.7847
9533,5238.1333
9534,5215.3657
9535,5446.5576
9536,5148.584
9537,5120.1587
9539,5194.038
9540,5257.2476
9541,5235.732
9542,5471.0723
9543,5020.2695
9544,5178.8057
9545,5306.9795
9546,5217.6953
9547,5107.1694
9548,5440.943
9549,5266.2686
9550,5712.6763
9551,5030.223
9552,5143.8022
9553,4836.3384
9554,5199.4033
9555,5086.9443
9556,5101.35
9557,5240.802
9558,5182.0674
9559,4948.8433
9560,5144.8667
9561,5104.422
9562,5127.9355
9564,5225.604
9565,5047.955
9567,5195.1914
9568,5406.166
9569,5289.06
9571,5191.3066
9573,5329.3467
9574,5101.357
9576,4775.473
9577,4887.073
9578,5171.3716
9579,5183.838
9581,5494.2144
9582,5171.976
9583,5065.107
9584,5355.9736
9585,5288.5137
9586,5419.269
9587,4872.83
9588,4985.3774
9589,5345.377
9590,5557.3613
9591,5379.972
9592,5359.3804
9593,5129.3896
9594,5058.284
9595,4880.5464
9596,5483.9136
9597,5268.8667
9598,5479.278
9599,5258.804
9600,5390.0176
9601,5311.5312
9602,5157.3823
9606,5568.722
9607,5090.4365
9608,5406.6963
9609,5095.483
9610,5113.8716
9611,5285.9277
9612,5196.7974
9613,5245.4585
9615,5227.5386
9616,5397.543
9617,5065.5024
9619,5297.3315
9620,5350.935
9621,5581.869
9622,5260.9375
9624,5025.3794
9625,4924.289
9626,4942.043
9627,5146.177
9628,5027.3384
9629,4958.0747
9630,5035.784
9631,5361.946
9632,5040.3135
9633,5178.268
9634,5229.046
9635,5101.2397
9636,5307.3345
9637,5159.088
9638,5065.0283
9639,5328.7573
9640,5279.821
9641,5265.92
9642,5231.808
9643,5314.333
9644,5092.7236
9645,5182.3174
9646,4848.1265
9647,5141.422
9648,5091.4473
9649,4999.708
9651,5165.207
9653,5202.2144
9655,4973.989
9656,5228.3584
9657,5073.4473
9658,5115.643
9659,5122.227
9660,5039.329
9661,4920.771
9663,5255.1875
9664,5186.138
9665,5237.155
9666,5277.4756
9667,5437.886
9668,5344.184
9669,5265.6143
9670,5445.9683
9671,5129.1855
9672,5149.7183
9673,4991.1543
9676,5339.842
9677,5101.0684
9678,5083.66
9679,5263.7886
9680,5266.11
9681,5176.6797
9682,5393.303
9683,5174.073
9684,5005.4214
9685,4914.8237
9686,5236.0767
9687,5142.205
9689,5192.662
9690,5136.901
9691,5311.67
9692,5121.9487
9693,5021.504
9694,5099.6885
9695,4893.3525
9696,5170.656
9697,5082.936
9698,5128.614
9699,4953.111
9700,4702.028
9701,5102.4375
9703,5177.0425
9704,5260.9575
9705,5161.2754
9706,5158.5933
9707,5176.0044
9708,5365.1177
9709,5225.4683
9710,4928.218
9711,5364.504
9712,5247.03
9713,4756.91
9714,5082.562
9716,5350.63
9717,5265.238
9718,5079.6997
9719,5327.5933
9720,5084.6504
9721,5325.902
9722,5105.4146
9723,4649.199
9725,5253.64
9726,5232.7217
9727,5186.1714
9728,5067.988
9729,5059.386
9730,5141.806
9731,5102.7285
9732,5110.8887
9733,5215.4956
9735,5112.514
9736,5154.03
9737,5405.0664
9738,5144.049
9739,5131.609
9741,5280.9873
9743,5070.821
9744,5052.4814
9745,5159.3545
9747,5131.48
9748,5148.748
9749,5245.8037
9754,5069.3774
9755,5428.3516
9756,5436.576
9757,5104.2607
9758,5607.8296
9759,4745.3125
9761,5348.988
9762,5444.1895
9764,5653.8516
9766,5339.8047
9768,5395.3677
9769,5190.427
9770,5246.9297
9771,5142.9526
9772,5096.752
9774,5258.041
9775,5142.2363
9776,5094.7188
9777,5426.989
9778,5294.887
9779,5185.1025
9780,5177.881
9781,5380.7266
9782,5151.9453
9783,5130.5435
9784,5209.274
9785,5071.701
9786,5580.0347
9787,5180.255
9788,5310.8525
9789,5441.4844
9790,5385.789
9791,5142.596
9792,5125.3657
9793,5124.713
9794,4978.783
9795,5119.806
9796,5110.719
9797,5211.189
9798,5251.0024
9799,5265.396
9800,5306.088
9801,5460.7305
9802,5132.3887
9803,5379.431
9804,5102.5474
9805,5127.5674
9806,5167.82
9807,5287.705
9808,5247.4834
9809,5214.098
9810,5347.2817
9811,5150.628
9812,5263.219
9813,5325.6772
9814,5285.55
9815,4687.3354
9816,5372.7246
9817,5072.137
9819,5165.7095
9820,5120.269
9821,5514.988
9822,4871.5894
9823,5321.9004
9824,5143.7163
9825,5089.262
9826,5254.5317
9827,5291.0195
9828,5012.4185
9830,5116.461
9831,5125.681
9832,5106.408
9833,5237.5073
9834,5375.0166
9835,5226.031
9836,4943.422
9837,5153.5996
9838,5047.254
9839,5150.574
9840,5317.9404
9841,5203.0522
9843,5135.2905
9844,5125.5845
9845,4946.3364
9846,4790.0156
9847,5390.245
9848,4982.7104
9849,5138.014
9850,4928.1562
9851,4631.9717
9852,5287.7656
9853,5499.148
9854,5101.1636
9855,4461.6875
9856,4815.5645
9857,4917.336
9858,4913.989
9859,5211.5996
9860,5431.1436
9861,4974.5806
9862,5268.6577
9864,5377.145
9866,5250.1714
9867,5261.3745
9868,5106.7427
9869,4922.7183
9870,5544.593
9871,5792.4077
9873,5132.917
9874,5265.9155
9875,5192.1353
9876,5212.165
9877,5645.202
9878,4496.181
9879,5454.2983
9880,5279.367
9881,5070.246
9882,5208.0107
9883,4838.746
9885,5190.5376
9886,5125.227
9887,5287.2847
9888,4971.0415
9890,5241.5513
9891,5425.6855
9892,4962.5127
9894,5654.012
9895,5055.78
9897,5239.7803
9898,5203.106
9899,5393.4
9900,4838.719
9901,4526.5996
9902,5130.7944
9903,5077.7334
9904,5006.5117
9905,4901.972
9906,5004.928
9908,5328.487
9909,5122.4604
9910,5261.3213
9911,5610.83
9914,5149.1704
9915,5206.4243
9917,5227.8394
9918,5248.0054
9920,5125.5903
9921,5236.4663
9924,5148.3057
9925,4903.688
9926,5233.77
9927,5262.5977
9928,5382.8765
9929,5063.748
9930,5195.2686
9932,5259.5654
9933,5098.579
9935,5258.999
9937,5198.5723
9938,5170.579
9939,5239.2256
9941,5244.932
9942,4960.103
9943,4734.1553
9944,5417.083
9945,4755.0127
9946,4735.7817
9947,5362.4805
9948,5103.8237
9949,5158.642
9950,5069.544
9951,5169.0234
9952,5217.3745
9953,5083.624
9955,5174.643
9956,5076.871
9957,4972.47
9958,5298.785
9959,5212.598
9960,5313.6025
9962,5630.885
9963,5141.0312
9964,5091.9106
9965,5130.925
9966,5153.966
9968,5052.4155
9969,5321.5264
9970,5087.0874
9971,5327.3354
9972,5509.0522
9973,5231.4873
9974,5241.149
9975,5178.4805
9976,5202.8467
9978,5403.169
9979,5026.0713
9980,4932.879
9981,5109.0195
9982,5294.462
9983,5047.7207
9984,5328.974
9985,5316.19
9986,5053.714
9987,5071.6484
9988,5408.82
9990,5062.415
9991,5272.221
9993,5245.5503
9995,5421.7393
9996,5135.785
9997,5212.062
9998,5488.982
9999,5431.404
10001,5120.696
10002,5253.145
10004,5123.1084
10005,5288.469
10006,5200.8086
10008,5047.3667
10009,4884.0835
10010,5226.766
10011,5383.3857
10012,4837.9336
10013,5104.0024
10014,5059.654
10015,5361.4453
10017,5143.505
10018,5088.49
10020,5175.599
10022,5216.0283
10023,5643.243
