88,1.8276467
108,2.4046364
139,2.0783832
159,1.8437777
265,2.5457811
350,2.5885434
351,2.3308585
403,1.611883
410,2.5990353
424,2.438748
428,2.5294907
430,2.5837333
630,2.141439
763,2.505792
765,2.1090584
766,1.9393384
768,2.0568883
772,2.101615
801,2.4265497
870,2.142177
915,2.4280605
932,2.2841816
991,2.658585
992,2.3363059
997,2.9952624
1002,2.3522642
1061,2.657309
1062,2.6671834
1063,2.2398746
1066,3.280686
1158,1.9765873
1254,2.54926
1257,2.0908403
1317,3.0042362
1552,3.2351582
1829,2.137143
1853,1.8644326
1872,1.710768
1890,2.071485
1925,1.826645
1954,2.564965
2016,2.109313
2171,1.8310487
2202,1.9749712
2276,2.4475782
2278,1.9385138
2317,2.474372
4779,2.1951454
4807,2.030617
4826,1.6034153
4884,2.4410574
4900,2.1668746
4958,2.2945652
5023,1.930126
5104,2.408652
5151,1.8380346
5165,2.528798
5210,2.1005428
5236,2.3116372
5253,2.0037153
5276,2.0780582
5349,1.916387
5353,2.0020173
5486,3.1875463
5577,2.1370187
5644,2.1418216
5720,2.0355725
5726,2.5241647
5741,2.8595896
5748,2.6589994
5757,1.9824045
5768,2.9929311
5772,3.5386891
5779,2.0746028
5784,2.5624423
5800,2.5824618
5811,2.6965535
5822,1.6961906
5830,2.4576695
5831,2.4412847
5832,3.291208
5837,2.851979
5856,4.213961
5865,3.058934
5867,2.5179474
5874,2.1677494
5890,1.867755
5893,1.8931385
5907,2.8693554
5921,3.1235173
5950,1.3756019
5984,2.8287787
5993,2.2957551
6008,2.260249
6009,3.388244
6011,3.4294071
6012,1.7475504
6013,3.5887382
6016,2.2798603
6019,2.1320558
6020,3.127989
6021,2.2235887
6023,3.0740993
6024,3.4531224
6025,2.5454304
6030,2.645577
6034,2.333961
6035,2.1164005
6036,4.16481
6038,2.4296029
6039,2.463417
6040,3.7330263
6041,2.0649128
6042,2.105672
6043,2.096797
6046,2.5913472
6064,2.8632877
6069,4.7191668
6070,4.010171
6071,1.8340261
6073,2.9431012
6074,2.914846
6076,2.685051
6085,2.8041353
6086,2.9165657
6088,3.0295136
6090,3.1935048
6092,3.1354024
6094,2.922236
6097,2.0610406
6098,2.2909918
6099,3.256861
6100,2.4769757
6102,3.0287454
6104,3.191019
6105,2.5859818
6106,3.2712624
6107,2.468218
6108,1.863921
6109,2.12957
6111,2.2311144
6112,2.2624946
6113,2.8389657
6114,2.5755186
6115,3.396183
6118,4.3166165
6122,2.9328325
6124,2.3723314
6125,2.8048944
6126,3.324818
6128,2.9654155
6131,3.4342663
6132,2.4764194
6133,3.5733871
6134,2.9443455
6136,3.5843253
6137,3.359159
6138,2.9383826
6140,3.2663422
6142,2.6018322
6145,2.692566
6148,3.7654624
6149,3.0521207
6150,3.0523627
6151,2.6183772
6153,2.3914506
6154,1.9891747
6163,2.4141898
6166,3.0580885
6169,2.9262624
6172,2.4892466
6173,2.5237486
6174,3.1404073
6177,3.2635562
6180,2.116109
6184,3.1405268
6188,2.268195
6189,3.0440552
6191,1.9945809
6192,2.5324755
6193,1.7425961
6194,2.6361349
6195,1.8891699
6198,2.9606464
6201,2.4061987
6202,2.364729
6203,2.1943076
6209,2.4669724
6210,3.1825082
6216,2.2420201
6217,2.4078875
6218,2.1552627
6220,3.6056397
6221,4.7464743
6231,2.4022279
6235,4.7251825
6237,2.625801
6238,3.249806
6240,2.8473983
6241,3.151071
6242,3.188091
6243,1.7360747
6244,4.4232807
6252,3.3885615
6255,2.4084172
6258,2.7857735
6268,3.7018256
6276,2.9310746
6284,2.6102455
6296,2.0850248
6390,3.2905958
6396,2.0638902
6413,2.2103474
6424,2.5402503
6434,2.6567504
6445,2.1140594
6680,2.1039124
6744,1.9157058
6830,1.5993311
6897,1.8285972
6898,2.1434379
6900,3.5836294
6901,4.1806297
6903,2.148099
6904,2.7257833
6907,2.243222
6908,2.2680113
6909,1.9103606
6911,2.722711
6913,3.1874373
6915,2.3985472
6917,2.1042068
6918,2.4209914
6919,2.768631
6920,2.3330863
6922,2.7070947
6923,1.8392733
6924,2.230739
6926,1.6819854
6927,2.5471137
6929,1.6990312
6931,2.0231469
6932,2.5748057
6933,3.3729527
6938,2.4506345
6940,3.5648434
6943,1.8420004
6944,1.7710434
6945,2.5090923
6951,2.7619739
6956,2.276143
6957,2.164792
6958,2.301873
6959,2.2452378
6960,2.116813
6961,3.9462125
6963,2.3570848
6966,2.5476792
6967,2.0007098
6968,2.8170705
6969,2.699716
6970,3.1838193
6971,2.3757865
6973,2.113672
6974,2.3055005
6975,2.4872632
6976,1.813321
6979,2.6148856
6981,1.9547113
6982,3.4410875
6984,2.4344668
6986,2.330378
6987,3.053271
6989,2.3538415
6990,2.4947128
6992,1.8849902
6997,2.8181624
7000,2.3338711
7002,2.7234054
7003,2.5592756
7008,1.7597185
7013,1.678444
7014,2.0615737
7025,2.8416915
7026,2.2567337
7028,2.644858
7031,2.3426173
7033,2.4156609
7036,2.6197526
7058,2.255735
7061,2.3192518
7062,2.5606434
7063,2.521476
7064,1.9512011
7067,2.9212737
7068,1.6112876
7071,2.1017828
7072,1.9532955
7077,2.4962766
7081,3.1092355
7092,2.0187254
7094,2.241917
7096,2.4131498
7102,1.9065976
7103,2.3537092
7106,2.1785364
7107,1.6950413
7109,2.393315
7111,1.9553679
7117,2.176817
7119,2.0482209
7120,2.6415684
7125,2.4603884
7126,1.6966584
7127,2.1168675
7130,2.9487276
7133,2.0708911
7138,2.7678425
7143,2.8254347
7147,2.159156
7158,1.6863401
7160,2.7023764
7161,2.9368527
7162,4.043433
7163,2.214932
7164,2.698268
7165,2.682429
7169,2.5682614
7177,2.1017046
7181,2.0942197
7183,2.2550259
7186,2.3249753
7192,1.8649243
7199,2.808566
7202,2.4799023
7203,1.510536
7207,3.1603377
7208,2.0349085
7209,1.8895266
7213,2.2676406
7217,2.683988
7218,2.530567
7223,2.6299706
7231,2.4792576
7244,3.0376928
7248,2.1327732
7250,2.573218
7255,2.2227497
7258,2.2897594
7268,1.8479564
7273,2.407653
7276,2.713576
7280,2.619826
7282,2.4537404
7287,1.7655909
7288,2.2992318
7296,1.8230605
7298,2.4906633
7305,2.2042563
7306,2.1467571
7307,3.612978
7314,2.425611
7316,3.2233508
7319,1.812205
7320,2.2038872
7322,2.1447558
7323,1.9698216
7327,2.7916093
7328,3.637967
7332,2.3937068
7333,1.898382
7337,2.6452584
7342,2.1503327
7343,2.0680413
7344,1.8205557
7346,1.4227719
7347,2.454439
7349,2.5070992
7350,2.8137498
7353,2.0410454
7354,2.1553292
7356,1.7754902
7372,1.8020473
7373,1.9308013
7377,1.7155967
7378,2.1612031
7382,2.2683172
7383,2.7677498
7384,2.0834084
7387,1.6600424
7394,2.7465246
7396,2.8177366
7404,1.9259977
7411,2.4713361
7413,2.1157808
7415,2.4583602
7416,1.9790229
7417,1.8163333
7418,2.019391
7419,2.4239264
7424,2.0355241
7430,2.4245784
7461,2.807671
7477,2.203566
7514,2.2522535
7515,2.190461
7516,2.701425
7517,2.5575047
7520,1.8592091
7521,1.8831811
7523,2.1313114
7525,2.346969
7717,2.4289086
7917,1.8652695
7947,2.1133142
8077,2.5233529
8132,3.043854
8214,1.8616866
8222,2.112381
8227,3.4392407
8230,2.5112302
8231,2.539148
8233,2.4133554
8234,2.365279
8235,2.3508008
8236,2.75186
8237,3.2816343
8238,2.150789
8239,2.3711736
8240,2.1486068
8241,2.4864988
8242,2.1699376
8243,2.642858
8244,2.6980457
8246,2.4719207
8247,2.4596434
8249,3.1128774
8256,2.081392
8258,2.0943258
8259,2.0938747
8264,3.7440197
8283,2.2596436
8284,2.2649307
8285,2.7572846
8290,2.4356859
8297,2.722705
8306,2.3439326
8307,2.316131
8311,2.8778076
8312,2.2400198
8326,1.74119
8334,2.1923563
8335,3.614479
8337,2.1874075
8343,2.0711088
8351,3.1868858
8354,1.825615
8357,2.8871157
8365,2.7875974
8366,2.5232441
8369,2.6134405
8376,2.5210042
8386,2.3895998
8387,2.5179229
8419,2.3052561
8420,2.693358
8422,2.7257414
8424,2.1141725
8426,2.753065
9057,2.11892
9058,2.4169335
9067,2.8140504
9069,3.001986
9070,2.150243
9075,2.7480922
9078,2.466877
9079,2.8616924
9081,2.1925652
9084,2.3552918
9085,2.2934828
9089,3.4077842
9091,2.4871383
9095,2.2224548
9099,2.3564668
9100,2.7927701
9102,2.5874348
9103,1.9710478
9104,1.7086425
9105,2.2492175
9106,2.7086446
9111,2.065304
9113,2.3908563
9114,2.0355766
9115,2.0991426
9121,2.4520519
9125,2.7401597
9128,1.8454945
9130,2.6169722
9131,2.3161602
9133,2.505601
9134,2.1633046
9298,2.1700804
9312,1.9308026
9314,1.9306633
9321,2.5660713
9323,2.6052876
9332,3.2019615
9336,2.361269
9339,2.1688173
9343,2.7000198
9352,2.9707618
9353,2.3399668
9363,2.3219714
9369,2.3092074
9371,2.079203
9380,2.4818938
9381,2.4554782
9382,2.8337443
9383,1.8752928
9386,3.9312894
9388,2.4721644
9390,2.9722197
9391,2.6198633
9392,2.6652584
9394,2.7394094
9395,3.2479515
9399,2.0754323
9402,2.8789148
9404,3.7378895
9405,2.6029963
9407,2.708476
9408,2.5979967
9409,2.6376092
9412,2.0331988
9413,2.0881
9416,3.2124596
9421,2.3232865
9427,3.7549589
9433,3.5106146
9436,2.563122
9437,2.7209613
9442,3.0244198
9450,2.0034854
9451,2.4994442
9452,2.5205328
9453,3.3247054
9454,2.7654104
9455,3.6366487
9470,2.6781745
9476,3.2517493
9481,2.3429327
9503,2.1570594
9506,1.9363799
9507,1.6750438
9508,2.2903857
9509,3.0708036
9510,2.6095176
9511,2.7291074
9512,2.164965
9513,2.4058344
9514,2.1713648
9515,2.1772444
9517,1.9368303
9518,4.4110117
9519,2.15905
9520,1.8504741
9521,3.9536343
9522,2.5854042
9523,2.7533147
9524,2.240575
9525,2.188295
9526,4.691881
9527,2.1038105
9528,2.1242332
9529,1.9506211
9530,2.1097045
9531,1.6181442
9532,3.1653318
9533,2.5406055
9534,2.7167094
9535,2.3837764
9536,2.7073576
9537,2.7155538
9539,1.6978718
9540,1.8743901
9541,2.4032316
9542,2.524595
9543,2.186334
9544,2.7161107
9545,1.7978996
9546,2.262456
9547,2.490151
9548,3.2552726
9549,2.160054
9550,1.6655433
9551,2.3362143
9552,2.263487
9553,3.0395613
9554,2.008555
9555,2.5099776
9556,2.6292076
9557,3.095495
9558,2.0530488
9559,2.495043
9560,2.5148287
9561,1.980085
9562,3.4904604
9564,3.094712
9565,2.6376376
9567,2.8101075
9568,2.0958226
9569,2.354676
9571,2.1874397
9573,2.3792806
9574,1.7396218
9576,2.4856527
9577,2.7943513
9578,1.8636385
9579,1.7680042
9581,2.2937307
9582,2.5626462
9583,1.9816245
9584,2.0979977
9585,2.4238818
9586,4.766352
9587,3.247014
9588,2.8645554
9589,4.407598
9590,2.501706
9591,2.0731742
9592,3.5440369
9593,2.18249
9594,4.655783
9595,2.1399186
9596,2.5743725
9597,2.3179677
9598,2.5786126
9599,2.1108494
9600,2.0143657
9601,1.9632645
9602,3.581607
9606,3.4530325
9607,1.8755959
9608,2.5231774
9609,2.7902582
9610,3.151481
9611,2.4592037
9612,2.4862752
9613,2.203296
9615,2.2222505
9616,2.0712175
9617,1.9920653
9619,2.083411
9620,2.5824893
9621,2.5307953
9622,1.6574144
9624,2.2009346
9625,3.032644
9626,2.2663465
9627,2.6348288
9628,2.0865633
9629,2.025466
9630,1.9724265
9631,2.0711772
9632,2.053888
9633,1.8842812
9634,2.696909
9635,2.196226
9636,2.6378934
9637,2.5764377
9638,2.4795206
9639,2.4417121
9640,2.3276322
9641,2.2548254
9642,2.5008042
9643,2.6430664
9644,1.8717436
9645,2.392881
9646,3.2980666
9647,2.569802
9648,2.6894798
9649,3.3411074
9651,5.0453596
9653,2.5577035
9655,2.668457
9656,3.4991226
9657,2.4580526
9658,3.3541234
9659,1.8660243
9660,2.3810685
9661,2.991694
9663,1.9141644
9664,1.9453682
9665,1.9005345
9666,2.0869105
9667,2.5005245
9668,1.8376666
9669,1.3756421
9670,1.7162299
9671,1.6683615
9672,1.9694577
9673,1.6842452
9676,1.9309562
9677,2.242683
9678,2.3830926
9679,2.7060888
9680,2.2800746
9681,2.0840929
9682,3.2770576
9683,2.057963
9684,2.510685
9685,1.8036315
9686,2.0683584
9687,2.508324
9689,2.4469926
9690,2.9359136
9691,2.4432886
9692,3.1347072
9693,2.729392
9694,2.2429235
9695,3.283725
9696,2.1104655
9697,2.449061
9698,2.981223
9699,2.3911738
9700,2.5340364
9701,1.9028171
9703,2.966087
9704,2.6180024
9705,2.276632
9706,2.0206316
9707,2.3700984
9708,1.8864661
9709,2.7141268
9710,3.526246
9711,2.866845
9712,2.3583195
9713,2.137539
9714,2.727265
9716,1.949129
9717,2.1351614
9718,2.7223728
9719,2.123727
9720,1.77464
9721,2.1351948
9722,1.7428471
9723,2.6430311
9725,3.0232656
9726,2.1717424
9727,3.0111637
9728,2.7356734
9729,1.859681
9730,2.2169397
9731,2.3981807
9732,2.5973258
9733,2.3891306
9735,2.3094873
9736,2.7047675
9737,1.957493
9738,2.3835022
9739,2.2558408
9741,1.730388
9743,2.5150075
9744,2.516449
9745,1.8281853
9747,1.8189071
9748,3.0185869
9749,2.9198844
9754,2.783879
9755,1.7226913
9756,2.0941472
9757,3.1494968
9758,1.5580113
9759,2.16092
9761,2.6195116
9762,3.3417826
9764,2.729324
9766,1.730734
9768,1.6931845
9769,2.2575333
9770,2.5921798
9771,1.9110073
9772,2.0810013
9774,2.4748032
9775,2.010407
9776,2.270863
9777,2.673746
9778,2.9094627
9779,1.8010821
9780,2.6909487
9781,2.8029177
9782,2.487409
9783,2.1692462
9784,2.0065732
9785,2.0547528
9786,2.596637
9787,2.532529
9788,2.4382582
9789,1.8210386
9790,2.777997
9791,2.8948097
9792,2.6379178
9793,2.263732
9794,2.0829074
9795,1.5662274
9796,3.2763119
9797,1.6469772
9798,1.9115368
9799,2.9349787
9800,2.3696773
9801,2.8364162
9802,2.375114
9803,3.1854773
9804,2.314273
9805,2.0891197
9806,2.3420289
9807,2.4939406
9808,2.613906
9809,3.1207118
9810,2.2930734
9811,2.485512
9812,2.076538
9813,3.0363572
9814,3.118542
9815,1.8571492
9816,2.480524
9817,1.7570728
9819,2.646934
9820,2.3580558
9821,2.383874
9822,3.4403663
9823,1.7950745
9824,1.831885
9825,3.7245822
9826,1.9141424
9827,2.6042702
9828,2.2179515
9830,1.6977955
9831,2.5155709
9832,2.5691712
9833,3.5006719
9834,2.9263031
9835,2.4936883
9836,2.322084
9837,1.8121439
9838,1.8911706
9839,2.1696193
9840,2.6579547
9841,4.111163
9843,2.2772655
9844,3.2020307
9845,2.2690084
9846,2.2856035
9847,2.0939448
9848,4.416512
9849,2.0984974
9850,2.2523637
9851,1.5758623
9852,3.753922
9853,1.5935204
9854,1.7399337
9855,4.2957435
9856,3.6225822
9857,3.957443
9858,1.6381677
9859,3.587763
9860,2.363156
9861,4.1969657
9862,2.3632092
9864,3.178014
9866,3.4303634
9867,3.8520718
9868,3.2073512
9869,3.1686435
9870,2.7108872
9871,3.4118598
9873,2.991533
9874,2.2167277
9875,2.5609784
9876,3.1985857
9877,1.4661913
9878,3.8589566
9879,2.813743
9880,2.04657
9881,1.3512995
9882,1.8249009
9883,2.4494038
9885,2.4437473
9886,2.8376858
9887,2.104308
9888,4.8508716
9890,1.9203879
9891,3.4124568
9892,2.8925147
9894,3.2438562
9895,3.3956425
9897,2.1861393
9898,2.5225887
9899,2.8526604
9900,2.0336688
9901,2.3448284
9902,5.2207456
9903,2.122301
9904,4.1397457
9905,2.194263
9906,2.2536566
9908,1.859726
9909,3.4702935
9910,2.1819277
9911,2.314347
9914,1.6958363
9915,2.3578815
9917,2.3475714
9918,2.520301
9920,2.3291361
9921,2.0874102
9924,1.9823074
9925,2.0189507
9926,2.960236
9927,2.7554083
9928,2.5522275
9929,1.9631963
9930,2.0324166
9932,2.6556547
9933,2.7195086
9935,2.275531
9937,2.5529366
9938,2.2901852
9939,1.5598999
9941,2.2927558
9942,2.739066
9943,2.7633588
9944,2.6021805
9945,1.685136
9946,1.8410691
9947,1.9534231
9948,2.365234
9949,2.0934026
9950,3.5009978
9951,3.0802422
9952,2.9794977
9953,2.8036861
9955,2.4120085
9956,2.3650458
9957,1.7340225
9958,2.1873226
9959,2.463781
9960,1.9912332
9962,1.8618611
9963,2.453195
9964,2.8366582
9965,2.3177388
9966,3.1533866
9968,2.3798401
9969,1.9513667
9970,1.7393321
9971,2.6454968
9972,3.4651558
9973,1.8920928
9974,1.9951538
9975,2.311148
9976,1.9486197
9978,3.42346
9979,2.0661871
9980,4.5781064
9981,2.1170511
9982,2.8024879
9983,2.5343564
9984,1.952857
9985,4.0864134
9986,2.2569187
9987,3.5334392
9988,2.5861125
9990,1.8936075
9991,2.2440968
9993,2.301818
9995,2.2871497
9996,2.9522302
9997,1.9985971
9998,2.3448434
9999,2.0887203
10001,2.124232
10002,1.8608311
10004,3.2600162
10005,1.6489463
10006,2.2446578
10008,1.8735809
10009,2.0434737
10010,2.1218693
10011,2.0030153
10012,2.5692587
10013,5.2721543
10014,2.8067229
10015,1.8360361
10017,2.1862726
10018,2.2070847
10020,2.6130629
10022,2.2750802
10023,2.3182852
