88,13.533426
108,15.194267
139,14.93337
159,13.951764
265,13.95446
350,14.245774
351,15.653505
403,14.973587
410,14.308922
424,14.918992
428,13.468389
430,14.618796
630,14.69665
763,14.116457
765,15.008668
766,14.413169
768,14.65315
772,14.470762
801,14.288345
870,15.164848
915,14.147329
932,14.365463
991,14.511752
992,14.389884
997,14.323753
1002,13.9697275
1061,13.7257
1062,14.313769
1063,14.362391
1066,14.152163
1158,14.523572
1254,14.362873
1257,14.224017
1317,13.636389
1552,14.283797
1829,14.463285
1853,14.659138
1872,14.793588
1890,14.57101
1925,14.955225
1954,15.018362
2016,15.438441
2171,15.867615
2202,14.099076
2276,13.767113
2278,15.700374
2317,13.971448
4779,13.986409
4807,13.729648
4826,15.128956
4884,15.662761
4900,15.232389
4958,14.61729
5023,16.189753
5104,14.905905
5151,15.715736
5165,15.373252
5210,14.780296
5236,14.462359
5253,15.102133
5276,15.135254
5349,15.633439
5353,14.484622
5486,14.312724
5577,14.833285
5644,14.836854
5720,13.837373
5726,14.903837
5741,14.481071
5748,14.272297
5757,13.558432
5768,14.405461
5772,13.275848
5779,14.731491
5784,14.422255
5800,14.967744
5811,15.291395
5822,13.234135
5830,13.639044
5831,15.014794
5832,14.690795
5837,14.8075695
5856,14.62313
5865,13.975975
5867,14.473982
5874,13.764424
5890,14.911699
5893,14.981248
5907,14.508215
5921,13.173971
5950,15.456301
5984,14.804183
5993,14.269671
6008,14.773682
6009,15.490652
6011,14.138692
6012,14.238012
6013,13.864775
6016,13.315365
6019,14.508471
6020,14.235898
6021,15.23161
6023,13.673244
6024,13.633467
6025,14.608463
6030,13.906141
6034,14.881669
6035,13.926983
6036,14.555761
6038,14.058933
6039,14.595302
6040,14.600306
6041,14.088131
6042,14.209455
6043,13.479555
6046,13.449761
6064,13.933449
6069,14.360112
6070,14.322208
6071,14.372773
6073,14.969719
6074,14.385481
6076,14.38708
6085,14.011012
6086,13.600692
6088,14.404337
6090,13.942509
6092,15.159382
6094,15.065112
6097,15.271761
6098,14.761616
6099,14.302465
6100,14.095642
6102,14.44656
6104,14.668511
6105,15.018829
6106,13.986822
6107,15.881527
6108,14.498424
6109,15.352778
6111,14.4549
6112,14.569522
6113,15.271579
6114,14.824026
6115,14.81133
6118,13.665262
6122,14.369442
6124,15.344286
6125,13.936184
6126,14.361119
6128,14.226924
6131,14.909727
6132,14.834602
6133,15.065399
6134,14.0328455
6136,14.4438095
6137,14.172585
6138,14.460089
6140,13.7268305
6142,13.741491
6145,14.613812
6148,13.963469
6149,14.505501
6150,14.204813
6151,15.078448
6153,14.147961
6154,14.251683
6163,13.978815
6166,13.484687
6169,13.659833
6172,14.763552
6173,14.18057
6174,13.915963
6177,14.192727
6180,15.160058
6184,14.16577
6188,13.912305
6189,14.022357
6191,14.290507
6192,14.323324
6193,14.133637
6194,14.199239
6195,14.782473
6198,13.450429
6201,15.469853
6202,15.059717
6203,15.961929
6209,13.955861
6210,13.541707
6216,13.531289
6217,13.462469
6218,13.870021
6220,13.284631
6221,14.095288
6231,14.2552805
6235,15.021378
6237,14.698197
6238,14.311865
6240,14.26005
6241,14.160658
6242,14.469028
6243,14.075298
6244,14.299902
6252,15.0964155
6255,15.577003
6258,14.78092
6268,14.785234
6276,15.080841
6284,15.166341
6296,15.011051
6390,14.487523
6396,14.779062
6413,14.392282
6424,14.986075
6434,13.970056
6445,14.54462
6680,15.384225
6744,14.606499
6830,15.549941
6897,15.066869
6898,15.353198
6900,14.310568
6901,13.87298
6903,14.918753
6904,13.680176
6907,15.189105
6908,14.175642
6909,14.98585
6911,14.090552
6913,14.172474
6915,14.195223
6917,14.1391945
6918,13.608591
6919,14.294017
6920,15.274277
6922,14.925547
6923,14.626116
6924,14.95083
6926,15.269431
6927,14.312705
6929,14.799623
6931,14.3666525
6932,14.45037
6933,14.238321
6938,14.585728
6940,14.503619
6943,15.126326
6944,15.488006
6945,14.037407
6951,14.179968
6956,14.548333
6957,14.776798
6958,13.749709
6959,14.899238
6960,14.026824
6961,14.286276
6963,14.460561
6966,14.139516
6967,15.390896
6968,12.84563
6969,12.798022
6970,15.868099
6971,14.110227
6973,15.783592
6974,14.4861765
6975,13.91716
6976,14.597376
6979,13.074083
6981,14.092803
6982,13.7240715
6984,14.911154
6986,14.845004
6987,14.330207
6989,14.077854
6990,14.214317
6992,14.348104
6997,14.81982
7000,14.53974
7002,14.428857
7003,14.0008545
7008,14.708603
7013,14.796122
7014,16.72295
7025,13.416168
7026,14.997719
7028,14.344994
7031,14.934937
7033,15.558574
7036,13.422711
7058,13.6852455
7061,13.69592
7062,14.807997
7063,15.684372
7064,16.495928
7067,14.768081
7068,14.1859455
7071,14.906477
7072,14.558635
7077,13.652206
7081,14.26703
7092,14.682583
7094,15.092122
7096,14.996064
7102,14.8737755
7103,14.115531
7106,14.389744
7107,14.025888
7109,14.957945
7111,14.494844
7117,14.820988
7119,14.917979
7120,14.273694
7125,13.699879
7126,13.97626
7127,14.944684
7130,14.31029
7133,14.571877
7138,14.838127
7143,14.198061
7147,15.024111
7158,14.566059
7160,15.0418
7161,13.656802
7162,15.186568
7163,14.431386
7164,14.700791
7165,15.160822
7169,14.175379
7177,14.843804
7181,15.659933
7183,13.9616375
7186,15.516359
7192,13.7963915
7199,14.252675
7202,14.976507
7203,14.293312
7207,14.09429
7208,14.994996
7209,14.643323
7213,14.234689
7217,13.616518
7218,15.50133
7223,14.343166
7231,14.519709
7244,14.233655
7248,16.003464
7250,13.80211
7255,14.375657
7258,15.071634
7268,15.202676
7273,14.809909
7276,14.970971
7280,14.92617
7282,15.543341
7287,14.662615
7288,13.176659
7296,14.887971
7298,13.6393175
7305,13.948424
7306,14.709425
7307,15.190766
7314,14.640467
7316,15.951801
7319,14.684495
7320,14.211999
7322,15.0778885
7323,14.405952
7327,14.649304
7328,13.980245
7332,14.620338
7333,14.181018
7337,13.541242
7342,14.363802
7343,14.6556835
7344,15.413285
7346,15.161456
7347,15.093011
7349,14.250316
7350,14.027481
7353,14.767631
7354,14.300447
7356,13.990501
7372,15.304578
7373,15.698879
7377,15.754959
7378,14.563303
7382,14.468911
7383,13.082675
7384,14.91863
7387,15.086157
7394,14.156126
7396,13.495489
7404,15.17343
7411,14.1524315
7413,14.103884
7415,14.033285
7416,14.781811
7417,14.805879
7418,14.864456
7419,14.874949
7424,14.784391
7430,15.015421
7461,14.868332
7477,14.577908
7514,15.510224
7515,15.1228895
7516,16.288103
7517,14.875518
7520,14.927451
7521,14.91386
7523,16.277065
7525,14.858046
7717,14.913316
7917,15.420131
7947,15.042986
8077,14.157438
8132,14.117083
8214,16.313768
8222,14.353683
8227,14.334374
8230,14.841742
8231,13.98131
8233,14.993449
8234,15.457156
8235,14.09181
8236,14.366268
8237,14.178695
8238,15.020294
8239,15.069128
8240,14.598002
8241,15.146552
8242,14.57178
8243,14.200734
8244,14.560495
8246,14.082917
8247,14.998993
8249,14.081975
8256,15.143872
8258,14.468849
8259,14.052394
8264,13.808171
8283,13.656499
8284,15.513683
8285,13.7642145
8290,14.307792
8297,15.410204
8306,14.205914
8307,15.275447
8311,13.533014
8312,14.04189
8326,14.372236
8334,15.170279
8335,14.045461
8337,13.830119
8343,14.856251
8351,14.0906315
8354,15.548258
8357,14.479942
8365,13.350681
8366,14.532371
8369,14.3000345
8376,14.2265625
8386,14.604436
8387,14.767811
8419,14.0039835
8420,13.905795
8422,14.778012
8424,14.187984
8426,14.092329
9057,14.509046
9058,13.5816145
9067,13.063826
9069,13.210483
9070,14.12504
9075,13.390635
9078,13.052699
9079,13.857199
9081,13.785947
9084,13.973499
9085,14.590667
9089,14.114103
9091,12.85701
9095,13.469874
9099,13.817778
9100,14.192118
9102,14.80606
9103,14.669568
9104,14.665846
9105,14.378528
9106,14.557633
9111,14.7088995
9113,15.058305
9114,15.536436
9115,14.8630085
9121,14.081298
9125,14.359308
9128,15.510981
9130,14.600246
9131,15.457455
9133,14.487075
9134,15.613727
9298,15.333055
9312,14.655971
9314,14.116734
9321,14.188882
9323,13.852519
9332,14.652275
9336,14.776686
9339,14.665146
9343,14.345398
9352,13.7539215
9353,13.939279
9363,14.589632
9369,14.331451
9371,15.080884
9380,13.617561
9381,15.011994
9382,14.661514
9383,14.145597
9386,13.990079
9388,14.823065
9390,13.953491
9391,13.790271
9392,15.07325
9394,14.443458
9395,14.758117
9399,15.970037
9402,14.053082
9404,14.177171
9405,14.744096
9407,13.780043
9408,14.663902
9409,15.432742
9412,15.401326
9413,15.158489
9416,14.199452
9421,14.277372
9427,14.963233
9433,13.480521
9436,14.172387
9437,13.859041
9442,14.157552
9450,15.582779
9451,14.372545
9452,14.427019
9453,14.518163
9454,13.969145
9455,14.029005
9470,13.5671425
9476,15.054928
9481,14.916343
9503,14.684258
9506,15.175224
9507,14.929274
9508,14.24541
9509,12.899586
9510,13.621531
9511,13.332232
9512,13.994572
9513,14.304063
9514,14.37717
9515,13.806295
9517,13.682726
9518,13.720115
9519,14.676815
9520,15.821763
9521,14.015301
9522,13.843532
9523,13.393553
9524,13.835971
9525,14.189479
9526,14.092346
9527,15.847921
9528,14.912822
9529,15.146786
9530,14.653545
9531,14.508697
9532,14.282731
9533,16.028345
9534,14.64974
9535,14.094006
9536,13.875365
9537,13.431945
9539,14.839173
9540,15.171473
9541,14.657917
9542,14.959697
9543,14.486092
9544,13.633057
9545,14.215434
9546,13.774919
9547,13.841989
9548,14.13766
9549,15.485419
9550,14.567847
9551,15.638783
9552,14.161161
9553,14.57503
9554,14.9919195
9555,14.85844
9556,14.598808
9557,14.361454
9558,15.747928
9559,13.947459
9560,14.350446
9561,15.382438
9562,14.042388
9564,13.797146
9565,13.517825
9567,14.391362
9568,13.436119
9569,14.304125
9571,13.969133
9573,14.388952
9574,14.4856825
9576,15.587769
9577,13.80416
9578,16.103266
9579,14.9328375
9581,14.794129
9582,15.29076
9583,13.536999
9584,15.313538
9585,14.070426
9586,15.682043
9587,13.926736
9588,14.47615
9589,15.144661
9590,13.910259
9591,14.447456
9592,15.32443
9593,14.276434
9594,13.655606
9595,14.903333
9596,15.104711
9597,15.108922
9598,15.766424
9599,14.8351345
9600,14.314001
9601,14.01744
9602,16.207617
9606,14.403746
9607,15.917541
9608,13.568646
9609,14.238545
9610,14.434064
9611,15.404787
9612,14.022968
9613,13.613386
9615,14.603458
9616,14.401235
9617,15.33855
9619,14.885774
9620,14.34812
9621,14.476461
9622,14.456226
9624,14.410652
9625,14.132053
9626,13.929979
9627,13.619611
9628,14.725537
9629,15.47751
9630,14.170122
9631,14.576776
9632,14.454243
9633,14.562288
9634,14.536537
9635,13.921908
9636,14.240498
9637,15.391792
9638,15.541329
9639,14.556948
9640,14.43056
9641,14.098103
9642,15.67898
9643,14.237382
9644,14.4632
9645,15.43308
9646,13.127254
9647,13.490982
9648,14.065858
9649,13.557058
9651,13.464881
9653,13.206908
9655,14.045927
9656,13.364129
9657,13.3797
9658,14.237456
9659,14.313372
9660,14.196079
9661,13.449078
9663,15.0455
9664,15.705706
9665,14.132763
9666,14.310872
9667,14.031166
9668,15.06875
9669,14.560443
9670,15.450312
9671,14.58563
9672,15.435484
9673,14.278789
9676,14.041348
9677,14.172802
9678,14.237648
9679,14.143604
9680,14.192117
9681,13.602627
9682,13.897015
9683,13.888446
9684,14.848164
9685,16.261337
9686,14.978587
9687,14.255311
9689,15.113995
9690,14.418209
9691,14.414248
9692,15.201117
9693,14.380462
9694,14.665371
9695,13.908592
9696,14.382062
9697,15.219487
9698,13.794416
9699,14.113318
9700,14.045921
9701,14.957518
9703,14.314218
9704,14.10168
9705,15.863716
9706,14.109108
9707,14.128996
9708,14.634794
9709,14.298578
9710,13.141748
9711,14.575024
9712,14.404642
9713,14.070383
9714,13.1975155
9716,13.745393
9717,14.69389
9718,14.892216
9719,15.1382065
9720,14.070108
9721,13.550036
9722,15.899705
9723,15.283311
9725,13.133769
9726,13.674459
9727,13.583455
9728,14.076059
9729,14.922427
9730,14.2154875
9731,14.340619
9732,14.603458
9733,14.710494
9735,15.455769
9736,14.745621
9737,15.110028
9738,14.3838415
9739,14.888983
9741,15.50869
9743,14.469223
9744,14.555091
9745,15.596847
9747,15.030173
9748,14.049736
9749,13.809828
9754,14.08822
9755,14.660634
9756,14.585066
9757,13.620312
9758,15.32818
9759,14.477522
9761,13.578713
9762,13.104237
9764,13.696288
9766,14.665888
9768,15.067332
9769,13.740437
9770,14.863342
9771,14.62315
9772,14.147185
9774,15.102428
9775,14.467732
9776,14.468452
9777,14.256121
9778,14.45557
9779,14.65782
9780,13.742325
9781,13.06315
9782,14.57524
9783,14.232044
9784,14.135784
9785,14.507585
9786,14.629227
9787,14.521324
9788,14.517782
9789,14.781402
9790,13.882578
9791,14.94114
9792,14.6371
9793,13.347365
9794,13.9492445
9795,14.372575
9796,14.1030855
9797,15.969283
9798,14.539293
9799,14.477305
9800,14.590312
9801,13.354074
9802,14.651167
9803,13.42756
9804,15.000774
9805,14.407735
9806,14.869944
9807,14.046241
9808,14.156452
9809,15.091975
9810,14.555679
9811,14.876134
9812,14.52472
9813,14.38181
9814,14.247897
9815,14.449009
9816,15.3622875
9817,15.688177
9819,13.911123
9820,13.880613
9821,13.811996
9822,14.537847
9823,15.234646
9824,14.187047
9825,14.829966
9826,14.840273
9827,14.272602
9828,15.200617
9830,15.763084
9831,14.811995
9832,13.965658
9833,14.388804
9834,15.405857
9835,13.713666
9836,14.262755
9837,14.847889
9838,14.574786
9839,14.258732
9840,13.859629
9841,14.654603
9843,14.707861
9844,14.518014
9845,14.769963
9846,16.60771
9847,14.721542
9848,13.60461
9849,15.91306
9850,14.327746
9851,14.493587
9852,14.716986
9853,15.057364
9854,14.073073
9855,14.509286
9856,13.773227
9857,14.093514
9858,14.224396
9859,15.000785
9860,14.9475975
9861,15.198832
9862,14.148091
9864,14.377508
9866,15.712197
9867,15.154805
9868,14.092076
9869,14.101232
9870,13.94342
9871,14.949913
9873,13.79794
9874,14.913376
9875,14.65986
9876,14.751406
9877,14.497719
9878,14.013141
9879,14.57932
9880,15.152893
9881,15.541373
9882,14.608305
9883,13.592736
9885,14.719578
9886,13.474885
9887,14.768236
9888,14.686515
9890,14.364408
9891,13.859557
9892,14.109944
9894,13.365762
9895,14.816523
9897,14.331498
9898,13.815728
9899,14.2459135
9900,14.217549
9901,15.206161
9902,13.581822
9903,13.8635845
9904,13.764489
9905,14.426313
9906,14.347148
9908,14.748374
9909,14.469346
9910,14.819366
9911,15.306311
9914,15.025804
9915,13.490265
9917,14.038456
9918,13.328124
9920,14.216119
9921,14.709995
9924,14.438593
9925,15.017871
9926,14.32862
9927,14.166958
9928,14.206661
9929,15.22904
9930,14.022438
9932,14.919925
9933,14.138151
9935,14.385088
9937,13.659744
9938,14.829915
9939,13.95825
9941,15.993414
9942,14.234967
9943,13.857273
9944,14.9388485
9945,15.009635
9946,14.064956
9947,15.069799
9948,14.849144
9949,14.487397
9950,14.06759
9951,14.473728
9952,14.7720995
9953,14.781417
9955,15.099045
9956,14.759687
9957,15.950624
9958,14.77055
9959,14.567893
9960,14.430366
9962,14.447806
9963,12.892983
9964,13.348638
9965,14.163655
9966,14.3131895
9968,13.881491
9969,13.655889
9970,14.447307
9971,14.270721
9972,14.772666
9973,15.460093
9974,15.471557
9975,14.611292
9976,14.791969
9978,14.89511
9979,13.92535
9980,14.2764
9981,15.4609995
9982,12.967622
9983,14.153799
9984,15.47883
9985,13.77883
9986,13.95549
9987,13.9649935
9988,14.6347685
9990,14.723815
9991,14.44437
9993,14.707567
9995,14.303157
9996,14.07046
9997,14.618133
9998,14.912192
9999,14.664692
10001,14.801522
10002,14.529502
10004,14.479272
10005,14.62403
10006,13.978142
10008,15.197686
10009,15.55335
10010,14.80959
10011,14.440765
10012,13.176847
10013,14.226367
10014,13.014335
10015,14.612892
10017,14.096195
10018,14.588986
10020,14.334971
10022,15.826862
10023,14.284738
